{"nbformat":4,"nbformat_minor":0,"metadata":{"colab":{"provenance":[]},"kernelspec":{"name":"python3","display_name":"Python 3"},"language_info":{"name":"python"}},"cells":[{"cell_type":"markdown","source":["# **Introdução aos Modelos DSGE**\n","\n","João Ricardo Costa Filho \\\\\n","https://www.joaocostafilho.com"],"metadata":{"id":"3lRBd3g61NjP"}},{"cell_type":"markdown","source":["# **Produção Domiciliar e Ciclos de Negócio Reais (RBC)**"],"metadata":{"id":"3nRZ4bVfzgKO"}},{"cell_type":"markdown","source":["## Instale na máquina \"virtual\" o Octave e o Dynare."],"metadata":{"id":"epawOrPr8qZ6"}},{"cell_type":"code","source":["!sudo apt-get update\n","!sudo apt-get install -y x13as"],"metadata":{"id":"iOdQQTIA16KW"},"execution_count":null,"outputs":[]},{"cell_type":"code","metadata":{"id":"vpXbMBsRu5t5","executionInfo":{"status":"ok","timestamp":1696601680344,"user_tz":180,"elapsed":48195,"user":{"displayName":"João Ricardo Costa Filho","userId":"08565045324831908339"}}},"source":["!apt-get install octave &> /dev/null"],"execution_count":2,"outputs":[]},{"cell_type":"code","metadata":{"id":"YAqp3SksvLrC","executionInfo":{"status":"ok","timestamp":1696601748628,"user_tz":180,"elapsed":68291,"user":{"displayName":"João Ricardo Costa Filho","userId":"08565045324831908339"}}},"source":["!apt-get install dynare &> /dev/null"],"execution_count":3,"outputs":[]},{"cell_type":"markdown","source":["### Crie o arquivo .mod"],"metadata":{"id":"hM5-y0hp82wV"}},{"cell_type":"code","metadata":{"id":"Md7XoTY3vk0e","colab":{"base_uri":"https://localhost:8080/"},"executionInfo":{"status":"ok","timestamp":1696602146035,"user_tz":180,"elapsed":288,"user":{"displayName":"João Ricardo Costa Filho","userId":"08565045324831908339"}},"outputId":"c3ddabf8-7aba-4f14-b90a-32a3f253f4dc"},"source":["%%writefile rbc_HP.mod\n","\n","@#define antecipacao=0\n","\n","var c, cm, ch, y, km, kh, hm, hh, w, l, r, xm, xh, x, zm, zh, G;\n","\n","varexo em, eh, eg;\n","\n","parameters beta, th, tk, deltam, deltah, alpha, eta, hmbar, hhbar, rhom, rhoh, rhog, e, gs;\n","\n","beta   = 0.97;\n","th     = 0.34;\n","tk     = 0.25;\n","deltam = 0.05;\n","deltah = 0.05;\n","alpha  = 0.44;\n","eta    = 0.3245;\n","hmbar  = 0.33;\n","hhbar  = 0.25;\n","rhom   = 0.9;\n","rhoh   = 0.9;\n","rhog   = 0.8;\n","e      = 2 / 3;\n","gs     = 0.2;\n","\n","\n","model(linear);\n","\n","# rbar  = ( ( 1 / beta ) + deltam - 1 - tk * deltam ) / ( 1 - tk );\n","# kmbar = hmbar * ( rbar / alpha )^( 1 / ( alpha - 1 ) );\n","# ybar  = kmbar^alpha * hmbar^( 1 - alpha );\n","# xmbar = deltam * kmbar;\n","# wbar  = ( 1 - alpha ) * ( ybar / hmbar );\n","# lbar  = 1 - hmbar - hhbar;\n","# khbar = beta * hhbar * wbar * ( 1 - th) / ( 1 - beta * ( 1 - deltah ) * ( 1 - eta ) );\n","# chbar = khbar^eta * hhbar^( 1 - eta );\n","# xhbar = deltah * khbar;\n","# xbar  = xmbar + xhbar;\n","# Gbar  = gs * ybar;\n","# cmbar = ybar - xbar - Gbar;\n","#   phi = ( lbar * ( cmbar^(e-1) ) * wbar * ( 1 - th ) )^(-1); % variável auxiliar\n","# kappa = hhbar * ( lbar * ( chbar^e ) * ( 1 - eta ) )^(-1);   % variável auxiliar\n","#     a = phi / ( kappa + phi );\n","#  cbar = ( a * cmbar^e + ( 1 - a ) * chbar^e )^( 1 / e );\n","#     b = phi / ( phi + a * cbar^(-e) );\n","#   chi = ( 1 - tk ) / ( rbar * ( 1 - tk ) + tk * deltam + ( 1 - deltam ) );  % variável auxiliar\n","#     g = ( a * ( e - 1 ) * cmbar^( e - 1 ) * ( 1 - deltah ) ) / ( a *cmbar^( e - 1 ) *( 1 - deltah ) + ( 1 - a ) * chbar^e * eta / khbar ); % variável auxiliar\n","#     q = ( ( 1 - a ) * e * ( 1 - eta ) * ( 1 / khbar ) * chbar^e ) / ( a * cmbar^( e - 1 )*( 1 - deltah ) + ( 1 - a ) * chbar^e * eta / khbar );  % variável auxiliar\n","\n","e * c + ( 1 - e ) * cm - w = l;\n","\n","e * ch - e * c = hh - l;\n","\n","( e - 1 ) * cm(+1) - e * c(+1) + chi * rbar * r(+1) = (e-1) * cm - e * c;\n","\n","e * c + ( 1 - e ) * cm = e * c(+1) - g * cm(+1) - e * q * ch(+1) + q * kh;\n","\n","c = ( cbar^-e ) * ( a * ( cmbar^e ) * cm + ( 1 - a ) * ( chbar^e ) * ch );\n","\n","ch = eta * kh(-1) + ( 1 - eta ) * zh + ( 1 - eta ) * hh;\n","\n","xmbar * xm = kmbar * ( km - ( 1 - deltam ) * km(-1) );\n","\n","xhbar * xh = khbar * ( kh - ( 1 - deltah ) * kh(-1) );\n","\n","y = alpha * km(-1) + ( 1 - alpha ) * zm + ( 1 - alpha) * hm;\n","\n","y - km(-1) = r;\n","\n","y - hm = w;\n","\n","@#if antecipacao==0\n","    G = rhog * G(-1) + eg;\n","@#else\n","    G = rhog * G(-1) + eg(-3);\n","@#endif\n","\n","ybar * y = cmbar * cm + xbar * x + Gbar * G;\n","\n","xbar * x = xmbar * xm + xhbar * xh;\n","\n","lbar * l = - ( hmbar * hm + hhbar * hh );\n","\n","zm = rhom * zm(-1) + em;\n","\n","zh = rhoh * zh(-1) + eh;\n","\n","end;\n","\n","steady;\n","\n","check;\n","\n","shocks;\n","\n","var eg;\n","stderr 1;\n","end;\n","\n","stoch_simul(ar=1, order=1, irf=20);\n"],"execution_count":9,"outputs":[{"output_type":"stream","name":"stdout","text":["Overwriting rbc_HP.mod\n"]}]},{"cell_type":"code","metadata":{"id":"hZLan6_lwKj0","colab":{"base_uri":"https://localhost:8080/"},"executionInfo":{"status":"ok","timestamp":1696602148626,"user_tz":180,"elapsed":393,"user":{"displayName":"João Ricardo Costa Filho","userId":"08565045324831908339"}},"outputId":"28c24658-591e-41cc-c624-ad2452ac689c"},"source":["%%writefile solve.m\n","dynare rbc_HP.mod"],"execution_count":10,"outputs":[{"output_type":"stream","name":"stdout","text":["Overwriting solve.m\n"]}]},{"cell_type":"code","metadata":{"id":"ySsfDJLjwOz4","colab":{"base_uri":"https://localhost:8080/"},"executionInfo":{"status":"ok","timestamp":1696602155368,"user_tz":180,"elapsed":5620,"user":{"displayName":"João Ricardo Costa Filho","userId":"08565045324831908339"}},"outputId":"a62a5def-b73e-4007-dc98-d2ef5d525d8a"},"source":["!octave solve.m"],"execution_count":11,"outputs":[{"output_type":"stream","name":"stdout","text":["octave: X11 DISPLAY environment variable not set\n","octave: disabling GUI features\n","Starting Dynare (version 5.0).\n","Calling Dynare with arguments: none\n","Starting preprocessing of the model file ...\n","Found 17 equation(s).\n","Evaluating expressions...done\n","Computing static model derivatives (order 1).\n","Computing dynamic model derivatives (order 2).\n","Processing outputs ...\n","done\n","Preprocessing completed.\n","\n","\n","STEADY-STATE RESULTS:\n","\n","c  \t\t 0\n","cm \t\t 0\n","ch \t\t 0\n","y  \t\t 0\n","km \t\t 0\n","kh \t\t 0\n","hm \t\t 0\n","hh \t\t 0\n","w  \t\t 0\n","l  \t\t 0\n","r  \t\t 0\n","xm \t\t 0\n","xh \t\t 0\n","x  \t\t 0\n","zm \t\t 0\n","zh \t\t 0\n","G  \t\t 0\n","\n","EIGENVALUES:\n","         Modulus             Real        Imaginary\n","\n","       1.642e-15       -1.642e-15                0\n","             0.8              0.8                0\n","             0.9              0.9                0\n","             0.9              0.9                0\n","          0.9399           0.9399                0\n","           1.124            1.124                0\n","       2.555e+16       -2.555e+16                0\n","       4.133e+16       -4.133e+16                0\n","       4.249e+18       -4.249e+18                0\n","\n","\n","There are 4 eigenvalue(s) larger than 1 in modulus \n","for 4 forward-looking variable(s)\n","\n","The rank condition is verified.\n","\n","\n","MODEL SUMMARY\n","\n","  Number of variables:         17\n","  Number of stochastic shocks: 3\n","  Number of state variables:   5\n","  Number of jumpers:           4\n","  Number of static variables:  8\n","\n","\n","MATRIX OF COVARIANCE OF EXOGENOUS SHOCKS\n","Variables          em        eh        eg\n","em           0.000000  0.000000  0.000000\n","eh           0.000000  0.000000  0.000000\n","eg           0.000000  0.000000  1.000000\n","\n","POLICY AND TRANSITION FUNCTIONS\n","                                   c              cm              ch               y              km              kh              hm              hh               w               l               r              xm              xh               x              zm              zh               G\n","km(-1)                      0.428622        0.902874       -0.169645        0.441271        0.891574        0.348789        0.002270       -0.251140        0.439001        0.147705       -0.558729       -1.168526        6.975784       -0.111299               0               0               0\n","kh(-1)                      0.161849       -0.079722        0.466589       -0.094359        0.123584        0.048347       -0.168498        0.210346        0.074139        0.007186       -0.094359        2.471673      -18.033066       -0.190084               0               0               0\n","zm(-1)                      0.134009        0.425581       -0.233807        0.722765        0.147185       -0.291323        0.390651       -0.346125        0.332113       -0.100914        0.722765        2.943694       -5.826466        1.805224        0.900000               0               0\n","zh(-1)                      0.227857       -0.277859        0.865816       -0.130900       -0.099415        0.686432       -0.233751        0.381740        0.102850       -0.043565       -0.130900       -1.988307       13.728647        0.051938               0        0.900000               0\n","G(-1)                      -0.050055       -0.085344       -0.005537        0.030472       -0.011158       -0.043215        0.054415       -0.008197       -0.023943       -0.037875        0.030472       -0.223165       -0.864290       -0.306391               0               0        0.800000\n","em                          0.148899        0.472867       -0.259786        0.803072        0.163539       -0.323693        0.434057       -0.384583        0.369015       -0.112127        0.803072        3.270771       -6.473851        2.005804        1.000000               0               0\n","eh                          0.253175       -0.308733        0.962017       -0.145445       -0.110462        0.762703       -0.259723        0.424156        0.114278       -0.048406       -0.145445       -2.209231       15.254052        0.057709               0        1.000000               0\n","eg                         -0.062568       -0.106680       -0.006921        0.038090       -0.013948       -0.054018        0.068019       -0.010246       -0.029928       -0.047344        0.038090       -0.278957       -1.080363       -0.382989               0               0        1.000000\n","\n","\n","THEORETICAL MOMENTS\n","VARIABLE         MEAN  STD. DEV.   VARIANCE\n","c              0.0000     0.2034     0.0414\n","cm             0.0000     0.3323     0.1104\n","ch             0.0000     0.0492     0.0024\n","y              0.0000     0.0992     0.0098\n","km             0.0000     0.2584     0.0668\n","kh             0.0000     0.1573     0.0248\n","hm             0.0000     0.1321     0.0175\n","hh             0.0000     0.0406     0.0016\n","w              0.0000     0.1518     0.0230\n","l              0.0000     0.1011     0.0102\n","r              0.0000     0.1932     0.0373\n","xm             0.0000     0.6153     0.3787\n","xh             0.0000     1.0809     1.1683\n","x              0.0000     0.6092     0.3711\n","zm             0.0000     0.0000     0.0000\n","zh             0.0000     0.0000     0.0000\n","G              0.0000     1.6667     2.7778\n","\n","\n","\n","VARIANCE DECOMPOSITION (in percent)\n","          em      eh      eg\n","c       0.00    0.00  100.00\n","cm      0.00    0.00  100.00\n","ch      0.00    0.00  100.00\n","y       0.00    0.00  100.00\n","km      0.00    0.00  100.00\n","kh      0.00    0.00  100.00\n","hm      0.00    0.00  100.00\n","hh      0.00    0.00  100.00\n","w       0.00    0.00  100.00\n","l       0.00    0.00  100.00\n","r       0.00    0.00  100.00\n","xm      0.00    0.00  100.00\n","xh      0.00    0.00  100.00\n","x       0.00    0.00  100.00\n","zm    100.00    0.00    0.00\n","zh      0.00  100.00    0.00\n","G       0.00    0.00  100.00\n","\n","\n","\n","MATRIX OF CORRELATIONS\n","Variables         c      cm      ch       y      km      kh      hm      hh       w       l       r      xm      xh       x       G\n","c            1.0000  0.9980  0.8458  0.3253  0.9079  0.9992 -0.8805 -0.2541  0.9787  0.9643 -0.9787  0.7914  0.2776  0.7596 -0.8081\n","cm           0.9980  1.0000  0.8107  0.3657  0.9237  0.9969 -0.8582 -0.3035  0.9858  0.9533 -0.9858  0.7584  0.2914  0.7337 -0.7840\n","ch           0.8458  0.8107  1.0000 -0.0743  0.6182  0.8475 -0.9193  0.2094  0.7515  0.8935 -0.7515  0.9373  0.1132  0.8499 -0.8750\n","y            0.3253  0.3657 -0.0743  1.0000  0.6915  0.2948  0.1619 -0.9789  0.5123  0.0675 -0.5123 -0.3092 -0.3970 -0.3633  0.2909\n","km           0.9079  0.9237  0.6182  0.6915  1.0000  0.8934 -0.6007 -0.6253  0.9745  0.7658 -0.9745  0.4690  0.0252  0.4181 -0.4874\n","kh           0.9992  0.9969  0.8475  0.2948  0.8934  1.0000 -0.8949 -0.2283  0.9714  0.9731 -0.9714  0.8069  0.3137  0.7815 -0.8277\n","hm          -0.8805 -0.8582 -0.9193  0.1619 -0.6007 -0.8949  1.0000 -0.2253 -0.7645 -0.9726  0.7645 -0.9807 -0.4900 -0.9749  0.9892\n","hh          -0.2541 -0.3035  0.2094 -0.9789 -0.6253 -0.2283 -0.2253  1.0000 -0.4434 -0.0075  0.4434  0.3901  0.2617  0.4032 -0.3372\n","w            0.9787  0.9858  0.7515  0.5123  0.9745  0.9714 -0.7645 -0.4434  1.0000  0.8905 -1.0000  0.6515  0.1671  0.6111 -0.6709\n","l            0.9643  0.9533  0.8935  0.0675  0.7658  0.9731 -0.9726 -0.0075  0.8905  1.0000 -0.8905  0.9134  0.4404  0.9043 -0.9348\n","r           -0.9787 -0.9858 -0.7515 -0.5123 -0.9745 -0.9714  0.7645  0.4434 -1.0000 -0.8905  1.0000 -0.6515 -0.1671 -0.6111  0.6709\n","xm           0.7914  0.7584  0.9373 -0.3092  0.4690  0.8069 -0.9807  0.3901  0.6515  0.9134 -0.6515  1.0000  0.4305  0.9782 -0.9826\n","xh           0.2776  0.2914  0.1132 -0.3970  0.0252  0.3137 -0.4900  0.2617  0.1671  0.4404 -0.1671  0.4305  1.0000  0.6087 -0.5783\n","x            0.7596  0.7337  0.8499 -0.3633  0.4181  0.7815 -0.9749  0.4032  0.6111  0.9043 -0.6111  0.9782  0.6087  1.0000 -0.9969\n","G           -0.8081 -0.7840 -0.8750  0.2909 -0.4874 -0.8277  0.9892 -0.3372 -0.6709 -0.9348  0.6709 -0.9826 -0.5783 -0.9969  1.0000\n","\n","\n","\n","COEFFICIENTS OF AUTOCORRELATION\n","Order          1\n","c         0.9511\n","cm        0.9467\n","ch        0.8778\n","y         0.9001\n","km        0.9939\n","kh        0.9392\n","hm        0.8559\n","hh        0.9277\n","w         0.9793\n","l         0.8833\n","r         0.9793\n","xm        0.8737\n","xh       -0.0107\n","x         0.7776\n","G         0.8000\n","warning: using the gnuplot graphics toolkit is discouraged\n","\n","The gnuplot graphics toolkit is not actively maintained and has a number\n","of limitations that are ulikely to be fixed.  Communication with gnuplot\n","uses a one-directional pipe and limited information is passed back to the\n","Octave interpreter so most changes made interactively in the plot window\n","will not be reflected in the graphics properties managed by Octave.  For\n","example, if the plot window is closed with a mouse click, Octave will not\n","be notified and will not update it's internal list of open figure windows.\n","We recommend using the qt toolkit instead.\n","Total computing time : 0h00m05s\n","Note: warning(s) encountered in MATLAB/Octave code\n"]}]}]}