{"nbformat":4,"nbformat_minor":0,"metadata":{"colab":{"provenance":[]},"kernelspec":{"name":"python3","display_name":"Python 3"},"language_info":{"name":"python"}},"cells":[{"cell_type":"markdown","source":["# **Introdução aos Modelos DSGE**\n","\n","João Ricardo Costa Filho \\\\\n","https://www.joaocostafilho.com"],"metadata":{"id":"3lRBd3g61NjP"}},{"cell_type":"markdown","source":["# **Modelo de Ciclos de Negócio Reais (RBC) com competição imperfeita**"],"metadata":{"id":"3nRZ4bVfzgKO"}},{"cell_type":"markdown","source":["## Instale na máquina \"virtual\" o Octave e o Dynare."],"metadata":{"id":"epawOrPr8qZ6"}},{"cell_type":"code","source":["!sudo apt-get update\n","!sudo apt-get install -y x13as"],"metadata":{"id":"iOdQQTIA16KW","collapsed":true,"colab":{"base_uri":"https://localhost:8080/"},"executionInfo":{"status":"ok","timestamp":1729207926528,"user_tz":180,"elapsed":16390,"user":{"displayName":"João Ricardo Costa Filho","userId":"08565045324831908339"}},"outputId":"f2ce4907-68a2-448f-cee7-2815dd009e4a"},"execution_count":1,"outputs":[{"output_type":"stream","name":"stdout","text":["Hit:1 http://archive.ubuntu.com/ubuntu jammy InRelease\n","Get:2 http://archive.ubuntu.com/ubuntu jammy-updates InRelease [128 kB]\n","Get:3 http://security.ubuntu.com/ubuntu jammy-security InRelease [129 kB]\n","Get:4 https://cloud.r-project.org/bin/linux/ubuntu jammy-cran40/ InRelease [3,626 B]\n","Get:5 https://developer.download.nvidia.com/compute/cuda/repos/ubuntu2204/x86_64  InRelease [1,581 B]\n","Ign:6 https://r2u.stat.illinois.edu/ubuntu jammy InRelease\n","Get:7 http://archive.ubuntu.com/ubuntu jammy-backports InRelease [127 kB]\n","Get:8 https://r2u.stat.illinois.edu/ubuntu jammy Release [5,713 B]\n","Get:9 https://r2u.stat.illinois.edu/ubuntu jammy Release.gpg [793 B]\n","Get:10 https://ppa.launchpadcontent.net/deadsnakes/ppa/ubuntu jammy InRelease [18.1 kB]\n","Get:11 http://security.ubuntu.com/ubuntu jammy-security/restricted amd64 Packages [3,200 kB]\n","Hit:12 https://ppa.launchpadcontent.net/graphics-drivers/ppa/ubuntu jammy InRelease\n","Hit:13 https://ppa.launchpadcontent.net/ubuntugis/ppa/ubuntu jammy InRelease\n","Get:14 http://security.ubuntu.com/ubuntu jammy-security/universe amd64 Packages [1,162 kB]\n","Get:15 http://security.ubuntu.com/ubuntu jammy-security/main amd64 Packages [2,372 kB]\n","Get:16 https://developer.download.nvidia.com/compute/cuda/repos/ubuntu2204/x86_64  Packages [1,032 kB]\n","Get:17 http://archive.ubuntu.com/ubuntu jammy-updates/restricted amd64 Packages [3,278 kB]\n","Get:18 http://archive.ubuntu.com/ubuntu jammy-updates/universe amd64 Packages [1,451 kB]\n","Get:19 http://archive.ubuntu.com/ubuntu jammy-updates/main amd64 Packages [2,648 kB]\n","Get:20 http://archive.ubuntu.com/ubuntu jammy-backports/universe amd64 Packages [33.7 kB]\n","Get:21 https://r2u.stat.illinois.edu/ubuntu jammy/main all Packages [8,400 kB]\n","Get:22 https://r2u.stat.illinois.edu/ubuntu jammy/main amd64 Packages [2,598 kB]\n","Get:23 https://ppa.launchpadcontent.net/deadsnakes/ppa/ubuntu jammy/main amd64 Packages [33.9 kB]\n","Fetched 26.6 MB in 6s (4,431 kB/s)\n","Reading package lists... Done\n","W: Skipping acquire of configured file 'main/source/Sources' as repository 'https://r2u.stat.illinois.edu/ubuntu jammy InRelease' does not seem to provide it (sources.list entry misspelt?)\n","Reading package lists... Done\n","Building dependency tree... Done\n","Reading state information... Done\n","The following NEW packages will be installed:\n","  x13as\n","0 upgraded, 1 newly installed, 0 to remove and 53 not upgraded.\n","Need to get 1,178 kB of archives.\n","After this operation, 3,076 kB of additional disk space will be used.\n","Get:1 http://archive.ubuntu.com/ubuntu jammy/multiverse amd64 x13as amd64 1.1-b58-1 [1,178 kB]\n","Fetched 1,178 kB in 0s (3,572 kB/s)\n","debconf: unable to initialize frontend: Dialog\n","debconf: (No usable dialog-like program is installed, so the dialog based frontend cannot be used. at /usr/share/perl5/Debconf/FrontEnd/Dialog.pm line 78, <> line 1.)\n","debconf: falling back to frontend: Readline\n","debconf: unable to initialize frontend: Readline\n","debconf: (This frontend requires a controlling tty.)\n","debconf: falling back to frontend: Teletype\n","dpkg-preconfigure: unable to re-open stdin: \n","Selecting previously unselected package x13as.\n","(Reading database ... 123629 files and directories currently installed.)\n","Preparing to unpack .../x13as_1.1-b58-1_amd64.deb ...\n","Unpacking x13as (1.1-b58-1) ...\n","Setting up x13as (1.1-b58-1) ...\n","Processing triggers for man-db (2.10.2-1) ...\n"]}]},{"cell_type":"code","metadata":{"id":"vpXbMBsRu5t5","executionInfo":{"status":"ok","timestamp":1729207980811,"user_tz":180,"elapsed":54292,"user":{"displayName":"João Ricardo Costa Filho","userId":"08565045324831908339"}}},"source":["!apt-get install octave &> /dev/null"],"execution_count":2,"outputs":[]},{"cell_type":"code","metadata":{"id":"YAqp3SksvLrC","executionInfo":{"status":"ok","timestamp":1729208034546,"user_tz":180,"elapsed":53741,"user":{"displayName":"João Ricardo Costa Filho","userId":"08565045324831908339"}}},"source":["!apt-get install dynare &> /dev/null"],"execution_count":3,"outputs":[]},{"cell_type":"markdown","source":["## Equilíbrio Estacionário"],"metadata":{"id":"hM5-y0hp82wV"}},{"cell_type":"code","source":["%%writefile ss.m\n","\n","r = 1 / beta - 1 + delta;\n","\n","steadystate = @(x)[\n","\n","    % c: x(1); h: x(2); k: x(3); w: x(4);\n","    % y: x(5); i: x(6);\n","\n","    % Famílias\n","    psi * x(2)^phi * x(1)^sigma - x(4);\n","    x(6) - delta * x(3);\n","\n","    %Empresas\n","    x(5) - x(3)^alpha * x(2)^(1-alpha);\n","    r - (xi - 1) / xi * alpha * x(5) / x(3);\n","    x(4) - (xi - 1) / xi * ( 1 - alpha ) * x(5) / x(2);\n","\n","    % Restrição de recursos\n","    x(5) - x(1) - x(6);\n","\n","];\n","\n","x = fsolve( steadystate, ones(6, 1) );\n","\n","x"],"metadata":{"colab":{"base_uri":"https://localhost:8080/"},"id":"NIkG--LAhwPR","executionInfo":{"status":"ok","timestamp":1729208907286,"user_tz":180,"elapsed":306,"user":{"displayName":"João Ricardo Costa Filho","userId":"08565045324831908339"}},"outputId":"65a87457-b3b6-411f-fd65-9cc3fd68c32e"},"execution_count":15,"outputs":[{"output_type":"stream","name":"stdout","text":["Overwriting ss.m\n"]}]},{"cell_type":"code","metadata":{"id":"Md7XoTY3vk0e","colab":{"base_uri":"https://localhost:8080/"},"executionInfo":{"status":"ok","timestamp":1729208647999,"user_tz":180,"elapsed":291,"user":{"displayName":"João Ricardo Costa Filho","userId":"08565045324831908339"}},"outputId":"95d8bf76-25ef-4c51-93e8-d6d3474c3602"},"source":["%%writefile RBC_SS.mod\n","\n","@#define concorrenciaperfeita=0\n","\n","%--------------------------------------------------------------------------------------------------------------------------------------\n","% 1. Definição das Variáveis\n","%--------------------------------------------------------------------------------------------------------------------------------------\n","\n","%%% Variáveis endógenas %%%\n","\n","var c  ${c}$  (long_name='Consumo')\n","    h  ${h}$  (long_name='Horas trabalhadas')\n","    k  ${k}$  (long_name='Estoque de capital')\n","    w  ${w}$  (long_name='Salário real')\n","    r  ${r}$  (long_name='Taxa de juros real')\n","    y  ${y}$  (long_name='PIB')\n","    i  ${r}$  (long_name='Investimento')\n","    A  ${A}$  (long_name='Produtividade Total dos Fatores')\n","\n",";\n","\n","%%% Variáveis exógenas %%%\n","\n","varexo e ${\\varepsilon_A}$   (long_name='Choque de produtividade')\n",";\n","\n","%--------------------------------------------------------------------------------------------------------------------------------------\n","% 2. Calibração\n","%--------------------------------------------------------------------------------------------------------------------------------------\n","\n","parameters phi     ${\\phi}$   (long_name='Curvatura da função utilidade em relação às horas trabalhadas')\n","           psi     ${\\psi}$   (long_name='peso da desutilidade do trabalho na função utilidade')\n","           sigma   ${\\sigma}$ (long_name='curvatura da função utilidade')\n","           alpha   ${\\alpha}$ (long_name='parâmetro da função de produção')\n","           beta    ${\\beta}$  (long_name='fator de desconto')\n","           delta   ${\\delta}$ (long_name='taxa de depreciação')\n","           rho     ${\\rho}$   (long_name='autocorrelação da produtividade')\n","           xi      ${\\xi}$    (long_name='elasticidade de substituição')\n","\n",";\n","\n","\n","phi   = 1;\n","psi   = 2.29;\n","sigma = 2;\n","alpha = 0.44;\n","beta  = 0.97;\n","delta = 0.05;\n","rho   = 0.9;\n","xi    = 4;\n","\n","verbatim;\n","run('ss.m');\n","end;\n","\n","%--------------------------------------------------------------------------------------------------------------------------------------\n","% 3. Modelo\n","%--------------------------------------------------------------------------------------------------------------------------------------\n","\n","model;\n","\n","# Abar = 1;\n","# Uc   = c^(-sigma);\n","# Uc_1 = c(+1)^(-sigma);\n","# Uh   = -psi * h^phi;\n","\n","%%%%%%%%%%%%% Famílias %%%%%%%%%%%%%\n","\n","[name = 'Oferta de Trabalho']\n","- Uh = Uc * w;\n","\n","[name = 'Equação de Euler']\n","Uc =  beta * ( Uc_1 * ( 1 + r(+1) - delta ) );\n","\n","[name = 'Lei de Movimento do Capital']\n","k = ( 1 - delta ) * k(-1) + i;\n","\n","%%%%%%%%%%%%% Empresas %%%%%%%%%%%%%\n","\n","[name = 'Função de produção']\n","y = A * k(-1)^alpha * h^(1-alpha);\n","\n","@#if concorrenciaperfeita==1\n","\n","    [name = 'Demanda por capital']\n","    r = alpha * y / k;\n","\n","    [name = 'Demanda por trabalho']\n","    w = ( 1 - alpha ) * y / h;\n","\n","@#else\n","\n","    [name = 'Demanda por capital']\n","    r = ( xi - 1 ) / xi * alpha * y / k;\n","\n","    [name = 'Demanda por trabalho']\n","    w = ( xi - 1 ) / xi * ( 1 - alpha ) * y / h;\n","\n","@#endif\n","\n","\n","\n","%%%%%%%%%%%%% Agragação %%%%%%%%%%%%%\n","\n","[name = 'Restrição de recursos']\n","y = c + i;\n","\n","[name = 'Produtividade']\n","log( A ) = ( 1 - rho ) * log( Abar ) + rho * log( A(-1) ) + e;\n","\n","end;\n","\n","%--------------------------------------------------------------------------------------------------------------------------------------\n","% 4. Equilíbrio\n","%--------------------------------------------------------------------------------------------------------------------------------------\n","\n","initval;\n","\n","A   = 1;\n","r   = 1 / beta - 1 + delta;\n","c = x(1);\n","h = x(2);\n","k = x(3);\n","w = x(4);\n","y = x(5);\n","i = x(6);\n","\n","end;\n","\n","steady;\n","check;\n"],"execution_count":10,"outputs":[{"output_type":"stream","name":"stdout","text":["Overwriting RBC_SS.mod\n"]}]},{"cell_type":"markdown","source":["Apenas para fins didáticos:"],"metadata":{"id":"R747Oua8i9dH"}},{"cell_type":"code","metadata":{"id":"hZLan6_lwKj0","colab":{"base_uri":"https://localhost:8080/"},"executionInfo":{"status":"ok","timestamp":1729208849322,"user_tz":180,"elapsed":318,"user":{"displayName":"João Ricardo Costa Filho","userId":"08565045324831908339"}},"outputId":"dec7405f-8e3e-41f1-945e-8f3fdd2caa99"},"source":["%%writefile solve.m\n","dynare RBC_SS.mod"],"execution_count":11,"outputs":[{"output_type":"stream","name":"stdout","text":["Overwriting solve.m\n"]}]},{"cell_type":"code","metadata":{"id":"ySsfDJLjwOz4","colab":{"base_uri":"https://localhost:8080/"},"executionInfo":{"status":"ok","timestamp":1729208914904,"user_tz":180,"elapsed":1207,"user":{"displayName":"João Ricardo Costa Filho","userId":"08565045324831908339"}},"outputId":"e2b021b2-ef9a-4497-bb6d-be0454c309f7"},"source":["!octave solve.m"],"execution_count":16,"outputs":[{"output_type":"stream","name":"stdout","text":["octave: X11 DISPLAY environment variable not set\n","octave: disabling GUI features\n","Starting Dynare (version 5.0).\n","Calling Dynare with arguments: none\n","Starting preprocessing of the model file ...\n","Found 8 equation(s).\n","Evaluating expressions...done\n","Computing static model derivatives (order 1).\n","Computing dynamic model derivatives (order 2).\n","Processing outputs ...\n","done\n","Preprocessing completed.\n","\n","x =\n","\n","   1.0995\n","   0.4577\n","   5.6318\n","   1.2672\n","   1.3811\n","   0.2816\n","\n","\n","STEADY-STATE RESULTS:\n","\n","c \t\t 1.09952\n","h \t\t 0.457738\n","k \t\t 5.63175\n","w \t\t 1.26725\n","r \t\t 0.0809278\n","y \t\t 1.38111\n","i \t\t 0.281588\n","A \t\t 1\n","\n","EIGENVALUES:\n","         Modulus             Real        Imaginary\n","\n","             0.9              0.9                0\n","          0.9415           0.9415                0\n","           1.151            1.151                0\n","       6.062e+16        6.062e+16                0\n","\n","\n","There are 2 eigenvalue(s) larger than 1 in modulus \n","for 2 forward-looking variable(s)\n","\n","The rank condition is verified.\n","\n","Total computing time : 0h00m00s\n"]}]},{"cell_type":"markdown","source":["## Funções Impulso-resposta"],"metadata":{"id":"T3fxMNQoiqEn"}},{"cell_type":"code","source":["%%writefile RBC_CM.mod\n","\n","@#include \"RBC_SS.mod\"\n","\n","var chat\n","    hhat\n","    khat\n","    what\n","    rhat\n","    yhat\n","    ihat\n","    Ahat\n",";\n","\n","model;\n","\n","chat = log( c ) - log( STEADY_STATE( c ) ) * 100;\n","\n","hhat = log( h ) - log( STEADY_STATE( h ) ) * 100;\n","\n","khat = log( k ) - log( STEADY_STATE( k ) ) * 100;\n","\n","what = log( w ) - log( STEADY_STATE( w ) ) * 100;\n","\n","rhat = log( r ) - log( STEADY_STATE( y ) ) * 100;\n","\n","yhat = log( y  ) - log( STEADY_STATE( y ) ) * 100;\n","\n","ihat  = log( i ) - log( STEADY_STATE( i ) ) * 100;\n","\n","Ahat  = log( A ) - log( STEADY_STATE( A ) ) * 100;\n","\n","end;\n","\n","%--------------------------------------------------------------------------------------------------------------------------------------\n","% 5. Simulação\n","%--------------------------------------------------------------------------------------------------------------------------------------\n","\n","shocks;\n","\n","var e;\n","stderr 1;\n","end;\n","\n","stoch_simul(ar=1, order=1, irf=20, graph_format = pdf);"],"metadata":{"colab":{"base_uri":"https://localhost:8080/"},"id":"bmEh_ESVipie","executionInfo":{"status":"ok","timestamp":1729209186022,"user_tz":180,"elapsed":314,"user":{"displayName":"João Ricardo Costa Filho","userId":"08565045324831908339"}},"outputId":"dbd2c830-072d-4c13-acce-e01978e938c0"},"execution_count":17,"outputs":[{"output_type":"stream","name":"stdout","text":["Overwriting RBC_CM.mod\n"]}]},{"cell_type":"code","source":["%%writefile solve.m\n","dynare RBC_CM.mod"],"metadata":{"colab":{"base_uri":"https://localhost:8080/"},"id":"auNyLxuSi54a","executionInfo":{"status":"ok","timestamp":1729209189167,"user_tz":180,"elapsed":292,"user":{"displayName":"João Ricardo Costa Filho","userId":"08565045324831908339"}},"outputId":"b9a27c4d-019a-46dd-ed24-821ec2a06ff6"},"execution_count":18,"outputs":[{"output_type":"stream","name":"stdout","text":["Overwriting solve.m\n"]}]},{"cell_type":"code","source":["!octave solve.m"],"metadata":{"colab":{"base_uri":"https://localhost:8080/"},"id":"Pkz1ZwfzjES9","executionInfo":{"status":"ok","timestamp":1729209196536,"user_tz":180,"elapsed":6165,"user":{"displayName":"João Ricardo Costa Filho","userId":"08565045324831908339"}},"outputId":"92c9537f-0e62-46e0-b267-969fe48356c7"},"execution_count":19,"outputs":[{"output_type":"stream","name":"stdout","text":["octave: X11 DISPLAY environment variable not set\n","octave: disabling GUI features\n","Starting Dynare (version 5.0).\n","Calling Dynare with arguments: none\n","Starting preprocessing of the model file ...\n","Found 16 equation(s).\n","Evaluating expressions...done\n","Computing static model derivatives (order 1).\n","Computing dynamic model derivatives (order 1).\n","Processing outputs ...\n","done\n","Preprocessing completed.\n","\n","x =\n","\n","   1.0995\n","   0.4577\n","   5.6318\n","   1.2672\n","   1.3811\n","   0.2816\n","\n","\n","STEADY-STATE RESULTS:\n","\n","c    \t\t 1.09952\n","h    \t\t 0.457738\n","k    \t\t 5.63177\n","w    \t\t 1.26725\n","r    \t\t 0.0809278\n","y    \t\t 1.38111\n","i    \t\t 0.281589\n","A    \t\t 1\n","chat \t\t -9.39289\n","hhat \t\t 77.3644\n","khat \t\t -171.114\n","what \t\t -23.448\n","rhat \t\t -34.8032\n","yhat \t\t -31.9661\n","ihat \t\t 125.463\n","Ahat \t\t 0\n","\n","EIGENVALUES:\n","         Modulus             Real        Imaginary\n","\n","             0.9              0.9                0\n","          0.9415           0.9415                0\n","           1.151            1.151                0\n","       1.099e+18       -1.099e+18                0\n","\n","\n","There are 2 eigenvalue(s) larger than 1 in modulus \n","for 2 forward-looking variable(s)\n","\n","The rank condition is verified.\n","\n","\n","MODEL SUMMARY\n","\n","  Number of variables:         16\n","  Number of stochastic shocks: 1\n","  Number of state variables:   2\n","  Number of jumpers:           2\n","  Number of static variables:  12\n","\n","\n","MATRIX OF COVARIANCE OF EXOGENOUS SHOCKS\n","Variables           e\n","e            1.000000\n","\n","POLICY AND TRANSITION FUNCTIONS\n","                                   c               h               k               w               r               y               i               A            chat            hhat            khat            what            rhat            yhat            ihat            Ahat\n","Constant                    1.099524        0.457738        5.631775        1.267249        0.080928        1.381113        0.281589        1.000000       -9.392893       77.364442     -171.114035      -23.447974      -34.803175      -31.966088      125.463460               0\n","k(-1)                       0.080105       -0.021482        0.941501        0.125176       -0.009333        0.071606       -0.008499               0        0.072854       -0.046931        0.167177        0.098778       -0.115330        0.051847       -0.030182               0\n","A(-1)                       0.433397        0.035495        0.869579        1.097286        0.063854        1.302976        0.869579        0.900000        0.394168        0.077544        0.154406        0.865881        0.789019        0.943425        3.088117        0.900000\n","e                           0.481553        0.039439        0.966199        1.219207        0.070948        1.447752        0.966199        1.000000        0.437965        0.086160        0.171562        0.962089        0.876688        1.048250        3.431241        1.000000\n","\n","\n","THEORETICAL MOMENTS\n","VARIABLE         MEAN  STD. DEV.   VARIANCE\n","c              1.0995     2.6255     6.8931\n","h              0.4577     0.4461     0.1990\n","k              5.6318    22.8810   523.5409\n","w              1.2672     5.0178    25.1783\n","r              0.0809     0.1800     0.0324\n","y              1.3811     4.4646    19.9323\n","i              0.2816     2.1116     4.4588\n","A              1.0000     2.2942     5.2632\n","chat          -9.3929     2.3878     5.7017\n","hhat          77.3644     0.9745     0.9497\n","khat        -171.1140     4.0628    16.5067\n","what         -23.4480     3.9596    15.6784\n","rhat         -34.8032     2.2239     4.9459\n","yhat         -31.9661     3.2326    10.4496\n","ihat         125.4635     7.4988    56.2323\n","Ahat           0.0000     2.2942     5.2632\n","\n","\n","\n","MATRIX OF CORRELATIONS\n","Variables         c       h       k       w       r       y       i       A    chat    hhat    khat    what    rhat    yhat    ihat    Ahat\n","c            1.0000 -0.8679  0.9630  0.9925 -0.3724  0.9541  0.7739  0.8195  1.0000 -0.8679  0.9630  0.9925 -0.3724  0.9541  0.7739  0.8195\n","h           -0.8679  1.0000 -0.9697 -0.8006  0.7843 -0.6792 -0.3569 -0.4265 -0.8679  1.0000 -0.9697 -0.8006  0.7843 -0.6792 -0.3569 -0.4265\n","k            0.9630 -0.9697  1.0000  0.9228 -0.6089  0.8379  0.5744  0.6346  0.9630 -0.9697  1.0000  0.9228 -0.6089  0.8379  0.5744  0.6346\n","w            0.9925 -0.8006  0.9228  1.0000 -0.2561  0.9835  0.8455  0.8834  0.9925 -0.8006  0.9228  1.0000 -0.2561  0.9835  0.8455  0.8834\n","r           -0.3724  0.7843 -0.6089 -0.2561  1.0000 -0.0773  0.2996  0.2266 -0.3724  0.7843 -0.6089 -0.2561  1.0000 -0.0773  0.2996  0.2266\n","y            0.9541 -0.6792  0.8379  0.9835 -0.0773  1.0000  0.9281  0.9536  0.9541 -0.6792  0.8379  0.9835 -0.0773  1.0000  0.9281  0.9536\n","i            0.7739 -0.3569  0.5744  0.8455  0.2996  0.9281  1.0000  0.9971  0.7739 -0.3569  0.5744  0.8455  0.2996  0.9281  1.0000  0.9971\n","A            0.8195 -0.4265  0.6346  0.8834  0.2266  0.9536  0.9971  1.0000  0.8195 -0.4265  0.6346  0.8834  0.2266  0.9536  0.9971  1.0000\n","chat         1.0000 -0.8679  0.9630  0.9925 -0.3724  0.9541  0.7739  0.8195  1.0000 -0.8679  0.9630  0.9925 -0.3724  0.9541  0.7739  0.8195\n","hhat        -0.8679  1.0000 -0.9697 -0.8006  0.7843 -0.6792 -0.3569 -0.4265 -0.8679  1.0000 -0.9697 -0.8006  0.7843 -0.6792 -0.3569 -0.4265\n","khat         0.9630 -0.9697  1.0000  0.9228 -0.6089  0.8379  0.5744  0.6346  0.9630 -0.9697  1.0000  0.9228 -0.6089  0.8379  0.5744  0.6346\n","what         0.9925 -0.8006  0.9228  1.0000 -0.2561  0.9835  0.8455  0.8834  0.9925 -0.8006  0.9228  1.0000 -0.2561  0.9835  0.8455  0.8834\n","rhat        -0.3724  0.7843 -0.6089 -0.2561  1.0000 -0.0773  0.2996  0.2266 -0.3724  0.7843 -0.6089 -0.2561  1.0000 -0.0773  0.2996  0.2266\n","yhat         0.9541 -0.6792  0.8379  0.9835 -0.0773  1.0000  0.9281  0.9536  0.9541 -0.6792  0.8379  0.9835 -0.0773  1.0000  0.9281  0.9536\n","ihat         0.7739 -0.3569  0.5744  0.8455  0.2996  0.9281  1.0000  0.9971  0.7739 -0.3569  0.5744  0.8455  0.2996  0.9281  1.0000  0.9971\n","Ahat         0.8195 -0.4265  0.6346  0.8834  0.2266  0.9536  0.9971  1.0000  0.8195 -0.4265  0.6346  0.8834  0.2266  0.9536  0.9971  1.0000\n","\n","\n","\n","COEFFICIENTS OF AUTOCORRELATION\n","Order          1\n","c         0.9826\n","h         0.9906\n","k         0.9968\n","w         0.9699\n","r         0.9069\n","y         0.9460\n","i         0.8892\n","A         0.9000\n","chat      0.9826\n","hhat      0.9906\n","khat      0.9968\n","what      0.9699\n","rhat      0.9069\n","yhat      0.9460\n","ihat      0.8892\n","Ahat      0.9000\n","warning: using the gnuplot graphics toolkit is discouraged\n","\n","The gnuplot graphics toolkit is not actively maintained and has a number\n","of limitations that are ulikely to be fixed.  Communication with gnuplot\n","uses a one-directional pipe and limited information is passed back to the\n","Octave interpreter so most changes made interactively in the plot window\n","will not be reflected in the graphics properties managed by Octave.  For\n","example, if the plot window is closed with a mouse click, Octave will not\n","be notified and will not update it's internal list of open figure windows.\n","We recommend using the qt toolkit instead.\n","Total computing time : 0h00m05s\n","Note: warning(s) encountered in MATLAB/Octave code\n"]}]}]}